C00330019|20001|76|1|76
C00330019|90064|115|1|115
C00330019|90064|115|2|230
C00330019|90213|10|1|10
C00330019|90213|10|2|20
C00330019|90074|19|1|19
C00330019|90074|19|2|38
C00330019|90064|102|3|306
C00330019|90064|96|4|382
C00330019|90213|40|3|120
C00330019|90213|55|4|220
C00330019|90064|96|5|482
C00330019|90064|97|6|582
C00330019|91302|20|1|20
C00330019|91302|20|2|40
C00330019|90064|97|7|678
C00330019|90064|97|8|774
C00330019|63103|15|1|15
C00330019|63103|15|2|30
C00330019|20001|134|2|268
C00330019|90025|76|1|76
C00330019|48075|50|1|50
C00330019|48075|50|2|100
C00330019|90064|87|9|784
C00330019|90064|79|10|794
C00330019|90064|81|11|890
C00330019|90064|82|12|986
C00330019|90064|78|13|1014
C00330019|90064|74|14|1042
C00330019|90213|71|5|354
C00330019|90213|81|6|488
C00330019|20001|153|3|460
C00330019|10036|192|1|192
C00330019|10036|192|2|384
C00330019|90064|70|15|1052
C00330019|90064|66|16|1062
C00330019|90064|63|17|1072
C00330019|90064|60|18|1082
C00330019|90064|65|19|1236
C00330019|90064|70|20|1390
C00330019|90064|75|21|1582
C00330019|90064|81|22|1774
C00330019|75202|50|1|50
C00330019|90064|85|23|1964
C00330019|90064|90|24|2154
C00330019|75202|34|2|69
C00330019|10036|179|3|537
C00330019|90064|94|25|2346
C00330019|90064|98|26|2538
C00330019|90213|73|7|508
C00330019|90064|101|27|2730
C00330019|90064|98|28|2740
C00330019|90064|95|29|2750
C00330019|90064|98|30|2942
C00330019|10036|158|4|633
C00330019|55344|12|1|12
C00330019|55344|12|2|24
C00330019|10065|19|1|19
C00330019|10065|19|2|38
C00330019|20016|50|1|50
C00330019|20016|50|2|100
C00330019|10036|142|5|709
C00330019|90064|96|31|2962
C00330019|90064|93|32|2982
C00330019|90064|92|33|3032
C00330019|90064|91|34|3082
C00330019|90213|78|8|623
C00330019|90213|82|9|738
C00330019|10036|150|6|901
C00330019|90213|76|10|757
C00330019|90213|71|11|776
C00330019|90064|89|35|3101
C00330019|90064|91|36|3293
C00330019|90064|94|37|3485
C00330019|90213|73|12|876
C00330019|90213|75|13|976
C00330019|90064|97|38|3677
C00330019|90064|98|39|3830
C00330019|90064|100|40|3983
C00330019|90213|83|14|1168
C00330019|90213|91|15|1360
C00330019|90213|97|16|1552
C00330019|90064|102|41|4175
C00330019|90064|100|42|4184
C00330019|90064|98|43|4193
C00330019|10036|140|7|977
C00330019|90074|21|3|63
C00330019|90074|22|4|88
C00330019|90064|98|44|4327
C00330019|90064|99|45|4461
C00330019|78701|10|1|10
C00330019|90064|99|46|4537
C00330019|90064|98|47|4613
C00330019|90064|97|48|4651
C00330019|90064|96|49|4689
C00330019|90074|33|5|164
C00330019|90074|40|6|240
C00330019|33609|76|1|76
C00330019|90064|94|50|4699
C00330019|90064|92|51|4709
C00330019|90213|99|17|1686
C00330019|90064|91|52|4719
C00330019|10036|127|8|1017
C00330019|90213|95|18|1706
C00330019|90064|93|53|4911
C00330019|90064|94|54|5103
C00330019|90025|43|2|86
C00330019|90025|32|3|96
C00330019|20001|139|4|556
C00330019|20001|138|5|690
C00330019|10036|115|9|1036
C00330019|90064|93|55|5141
C00330019|90213|100|19|1898
C00330019|90213|104|20|2090
C00330019|90213|100|21|2100
C00330019|90213|96|22|2110
C00330019|33609|57|2|114
C00330019|90213|98|23|2263
C00330019|90213|101|24|2416
C00330019|90213|97|25|2435
C00330019|90213|94|26|2454
C00330019|10036|105|10|1046
C00330019|10036|96|11|1056
C00330019|90064|92|56|5160
C00330019|90064|91|57|5179
C00330019|90064|90|58|5198
C00330019|90064|88|59|5217
C00330019|90064|90|60|5370
C00330019|90064|91|61|5523
C00330019|10036|94|12|1133
C00330019|90064|92|62|5715
C00330019|90064|94|63|5907
C00330019|90064|93|64|5945
C00330019|90064|92|65|5983
C00330019|10036|90|13|1171
C00330019|90064|92|66|6059
C00330019|90064|92|67|6135
C00330019|90213|95|27|2569
C00330019|90213|96|28|2684
C00330019|90213|97|29|2818
C00330019|90213|98|30|2952
C00330019|10036|88|14|1229
C00330019|10036|83|15|1239
C00330019|90064|92|68|6235
C00330019|90064|92|69|6335
C00330019|10036|85|16|1354
C00330019|20001|147|6|882
C00330019|90064|93|70|6527
C00330019|90064|95|71|6719
C00330019|90213|99|31|3067
C00330019|90213|99|32|3182
C00330019|90064|94|72|6738
C00330019|90064|93|73|6757
C00330019|90213|102|33|3374
C00330019|90213|105|34|3566
C00330019|90064|92|74|6795
C00330019|90064|91|75|6833
C00330019|75202|36|3|107
C00330019|90213|107|35|3758
C00330019|90213|108|36|3892
C00330019|90213|105|37|3902
C00330019|90213|103|38|3912
C00330019|90213|102|39|3988
C00330019|90213|102|40|4064
C00330019|10036|82|17|1394
C00330019|20001|153|7|1074
C00330019|90064|91|76|6948
C00330019|90064|92|77|7063
C00330019|90064|91|78|7083
C00330019|90064|90|79|7103
C00330019|90213|102|41|4164
C00330019|90213|102|42|4264
C00330019|90064|90|80|7199
C00330019|90064|90|81|7295
C00330019|90064|89|82|7333
C00330019|90064|89|83|7352
C00330019|77381|76|1|76
C00330019|77381|76|2|152
C00330019|90213|100|43|4314
C00330019|90213|99|44|4364
C00330019|90064|88|84|7362
C00571976|06890|5000|1|5000
C00078287|60604|62|1|62
C00078287|60604|52|2|103
C00078287|60604|51|3|153
C00078287|60604|44|4|178
C00078287|60604|44|5|218
C00078287|20006|83|1|83
C00078287|06033|208|1|208
C00078287|60604|71|6|426
C00078287|60604|68|7|476
C00078287|60604|65|8|517
C00078287|60604|62|9|558
C00078287|10004|210|1|210
C00078287|60604|58|10|578
C00078287|60604|71|11|786
C00078287|53226|41|1|41
C00078287|60604|69|12|827
C00078287|13202|41|1|41
C00078287|60604|75|13|977
C00078287|92821|42|1|42
C00078287|60604|74|14|1039
C00078287|60604|71|15|1064
C00078287|60604|68|16|1089
